function cm = imorgen
% cm = colormap(morgenstemning);
% cm = cm(end:-1:1,:);
% for i=1:size(cm,1)
%     fprintf('%f,%f,%f;...\n',cm(i,:));
% end
cm = [1.000000,1.000000,1.000000;...
    0.999800,0.999800,0.988555;...
    0.999699,0.999699,0.976908;...
    0.999599,0.999599,0.965162;...
    0.999498,0.999498,0.953413;...
    0.999398,0.999398,0.941465;...
    0.999300,0.999300,0.929415;...
    0.999297,0.999297,0.917265;...
    0.999200,0.999197,0.905014;...
    0.999200,0.999100,0.892659;...
    0.999200,0.999100,0.880106;...
    0.999200,0.999100,0.867452;...
    0.999200,0.999100,0.854693;...
    0.999200,0.999100,0.841742;...
    0.999200,0.999100,0.828786;...
    0.999194,0.999094,0.815729;...
    0.999094,0.998994,0.802578;...
    0.998987,0.998893,0.789427;...
    0.998793,0.998793,0.776268;...
    0.998685,0.998685,0.763009;...
    0.998484,0.998484,0.749641;...
    0.998292,0.998292,0.736072;...
    0.998191,0.998183,0.722301;...
    0.998091,0.997991,0.708328;...
    0.998000,0.997900,0.694145;...
    0.997990,0.997890,0.679659;...
    0.997900,0.997800,0.664881;...
    0.997900,0.997789,0.649901;...
    0.997900,0.997700,0.634709;...
    0.997900,0.997689,0.619215;...
    0.997900,0.997600,0.603429;...
    0.997900,0.997588,0.587443;...
    0.997887,0.997475,0.571280;...
    0.997774,0.997261,0.555104;...
    0.997587,0.996973,0.538787;...
    0.997473,0.996759,0.522067;...
    0.997286,0.996458,0.504958;...
    0.997185,0.996171,0.487503;...
    0.997085,0.995970,0.469428;...
    0.997015,0.995800,0.450572;...
    0.997163,0.995863,0.430349;...
    0.997596,0.996264,0.408054;...
    0.998182,0.996666,0.384547;...
    0.998651,0.997051,0.360352;...
    0.998900,0.997300,0.335638;...
    0.998865,0.997247,0.310841;...
    0.998592,0.996892,0.286080;...
    0.997953,0.996179,0.261595;...
    0.997149,0.994805,0.237808;...
    0.996365,0.992543,0.215092;...
    0.995663,0.989494,0.193282;...
    0.994960,0.985720,0.172380;...
    0.994237,0.981201,0.152425;...
    0.993413,0.976157,0.133559;...
    0.992531,0.970508,0.115700;...
    0.991727,0.964276,0.098784;...
    0.990902,0.957607,0.082420;...
    0.989976,0.950668,0.066302;...
    0.988973,0.943249,0.051429;...
    0.987969,0.935449,0.038247;...
    0.986965,0.927300,0.026559;...
    0.985985,0.918695,0.016243;...
    0.985081,0.909787,0.008120;...
    0.984178,0.900627,0.002409;...
    0.983249,0.891416,0.000276;...
    0.982245,0.882255,0.001661;...
    0.981267,0.872993,0.004076;...
    0.980364,0.863630,0.007272;...
    0.979487,0.854113,0.011093;...
    0.978711,0.844348,0.015372;...
    0.978008,0.834455,0.020255;...
    0.977333,0.824360,0.025715;...
    0.976759,0.814035,0.031566;...
    0.976257,0.803437,0.037575;...
    0.975784,0.792637,0.043915;...
    0.975382,0.781635,0.050659;...
    0.974981,0.770402,0.057805;...
    0.974579,0.758927,0.065355;...
    0.974147,0.747291,0.073247;...
    0.973676,0.735351,0.081309;...
    0.973275,0.723141,0.089410;...
    0.972873,0.710729,0.097473;...
    0.972471,0.698084,0.105637;...
    0.972037,0.685169,0.113934;...
    0.971535,0.672052,0.122400;...
    0.971033,0.658700,0.131000;...
    0.970464,0.645080,0.139768;...
    0.969727,0.631258,0.148636;...
    0.968889,0.617234,0.157640;...
    0.967951,0.603009,0.166811;...
    0.966876,0.588582,0.176082;...
    0.965636,0.573990,0.185419;...
    0.964259,0.559224,0.194755;...
    0.962716,0.544229,0.204128;...
    0.961036,0.529097,0.213565;...
    0.959192,0.513763,0.223002;...
    0.957209,0.498189,0.232401;...
    0.955063,0.482352,0.241738;...
    0.952778,0.466351,0.251036;...
    0.950252,0.450249,0.260272;...
    0.947424,0.434086,0.269429;...
    0.944333,0.417963,0.278425;...
    0.941000,0.401900,0.287280;...
    0.937365,0.385918,0.295974;...
    0.933428,0.370178,0.304485;...
    0.929147,0.354700,0.312735;...
    0.924505,0.339423,0.320784;...
    0.919560,0.324390,0.328673;...
    0.914313,0.309659,0.336376;...
    0.908764,0.295187,0.343863;...
    0.902912,0.280918,0.351206;...
    0.896801,0.266806,0.358391;...
    0.890489,0.252707,0.365518;...
    0.883931,0.238640,0.372558;...
    0.877071,0.224865,0.379351;...
    0.869953,0.211537,0.385886;...
    0.862543,0.198850,0.392129;...
    0.854821,0.186924,0.398015;...
    0.846852,0.175702,0.403599;...
    0.838673,0.165093,0.408927;...
    0.830300,0.154894,0.414053;...
    0.821719,0.145187,0.418978;...
    0.812942,0.136377,0.423557;...
    0.804007,0.128627,0.427681;...
    0.795024,0.121739,0.431499;...
    0.785890,0.115851,0.434920;...
    0.776704,0.111273,0.437785;...
    0.767518,0.108304,0.440096;...
    0.758282,0.107451,0.441652;...
    0.749096,0.107954,0.442655;...
    0.739910,0.108759,0.443508;...
    0.730725,0.109765,0.444260;...
    0.721538,0.110921,0.444911;...
    0.712249,0.112230,0.445513;...
    0.702913,0.113741,0.446115;...
    0.693524,0.115400,0.446665;...
    0.684087,0.117160,0.447220;...
    0.674596,0.118967,0.447769;...
    0.665005,0.120882,0.448271;...
    0.655313,0.122945,0.448773;...
    0.645575,0.125108,0.449275;...
    0.635781,0.127372,0.449721;...
    0.625887,0.129681,0.450178;...
    0.615892,0.131990,0.450624;...
    0.605853,0.134299,0.451082;...
    0.595700,0.136608,0.451584;...
    0.585460,0.138917,0.452086;...
    0.575162,0.141226,0.452588;...
    0.564764,0.143593,0.453032;...
    0.554265,0.146002,0.453434;...
    0.543724,0.148412,0.453835;...
    0.533123,0.150821,0.454178;...
    0.522422,0.153231,0.454479;...
    0.511620,0.155640,0.454720;...
    0.500778,0.158110,0.454921;...
    0.489814,0.160559,0.455122;...
    0.478709,0.162968,0.455322;...
    0.467504,0.165378,0.455462;...
    0.456198,0.167787,0.455562;...
    0.444792,0.170259,0.455600;...
    0.433284,0.172831,0.455600;...
    0.421613,0.175378,0.455537;...
    0.409804,0.177888,0.455373;...
    0.397957,0.180398,0.455172;...
    0.386047,0.182844,0.454907;...
    0.374035,0.185124,0.454541;...
    0.361988,0.187332,0.454075;...
    0.349876,0.189410,0.453507;...
    0.337794,0.191352,0.452773;...
    0.325747,0.193193,0.451904;...
    0.313767,0.194933,0.450867;...
    0.301820,0.196506,0.449695;...
    0.289941,0.197944,0.448288;...
    0.278095,0.199350,0.446715;...
    0.266385,0.200619,0.444904;...
    0.254739,0.201824,0.442927;...
    0.243094,0.202959,0.440782;...
    0.231587,0.203994,0.438434;...
    0.220212,0.204928,0.435815;...
    0.209008,0.205762,0.432964;...
    0.198076,0.206494,0.429841;...
    0.187447,0.207126,0.426487;...
    0.177120,0.207657,0.422788;...
    0.167024,0.208159,0.418829;...
    0.157201,0.208589,0.414597;...
    0.147680,0.208990,0.410135;...
    0.138608,0.209319,0.405399;...
    0.129967,0.209547,0.400360;...
    0.121728,0.209674,0.395019;...
    0.114041,0.209774,0.389449;...
    0.106884,0.209800,0.383529;...
    0.100456,0.209725,0.377356;...
    0.094909,0.209098,0.371132;...
    0.090043,0.207916,0.365059;...
    0.085629,0.206307,0.359035;...
    0.081541,0.204371,0.353012;...
    0.077756,0.202286,0.347065;...
    0.074196,0.199946,0.341065;...
    0.070915,0.197459,0.335196;...
    0.067781,0.194793,0.329296;...
    0.064825,0.192082,0.323373;...
    0.061993,0.189372,0.317449;...
    0.059261,0.186503,0.311526;...
    0.056710,0.183591,0.305683;...
    0.054280,0.180520,0.299860;...
    0.051951,0.177408,0.294037;...
    0.049723,0.174215,0.288215;...
    0.047595,0.171002,0.282392;...
    0.045487,0.167790,0.276487;...
    0.043461,0.164659,0.270564;...
    0.041535,0.161465,0.264641;...
    0.039628,0.158335,0.258718;...
    0.037804,0.155140,0.252712;...
    0.036080,0.151844,0.246772;...
    0.034373,0.148531,0.240849;...
    0.032751,0.145218,0.234925;...
    0.031229,0.141820,0.229087;...
